0.0976270078546495 0.43037873274483895 1.0
0.20552675214328775 0.08976636599379373 1.0
-0.15269040132219058 0.29178822613331223 1.0
-0.12482557747461498 0.7835460015641595 0.0
0.9273255210020586 -0.2331169623484446 0.0
0.5834500761653292 0.05778983950580896 0.0
0.13608912218786462 0.8511932765853221 0.0
-0.8579278836042261 -0.8257414005969186 0.0
-0.9595632051193486 0.665239691095876 0.0
0.556313501899701 0.7400242964936383 0.0
0.957236684465528 0.5983171284334472 0.0
-0.07704127549413631 0.5610583525729109 0.0
-0.7634511482621336 0.27984204265504764 0.0
-0.7132934251819072 0.8893378340991678 0.0
0.04369664350014335 -0.17067612001895283 1.0
-0.47088877579074606 0.5484673788684333 0.0
-0.0876993355669029 0.13686789773729702 1.0
-0.9624203991272897 0.23527099415175412 0.0
0.22419144544484282 0.23386799374951384 1.0
0.8874961570292483 0.3636405982069668 0.0
-0.280984198852428 -0.1259360924013171 1.0
0.3952623918545297 -0.8795490567414603 0.0
0.33353343089133536 0.3412757392363188 1.0
-0.5792348778523182 -0.7421474046902934 0.0
-0.36914329815163227 -0.2725784581147548 1.0
0.14039354083575928 -0.1227969730753593 1.0
0.9767476761184524 -0.7959103785039439 0.0
-0.5822464878103306 -0.6773809642300075 0.0
0.30621665093079686 -0.4934167949204358 1.0
-0.06737845428738742 -0.5111488159967945 0.0
-0.6820608327089606 -0.7792497176713897 0.0
0.31265917893054684 -0.7236340973027724 0.0
-0.606835276639893 -0.2625496586780718 0.0
0.6419864596958702 -0.8057974484138775 0.0
0.6758898149976078 -0.8078031842120739 0.0
0.9529189300267915 -0.06269759670459685 0.0
0.9535221763806743 0.20969103949009193 0.0
0.47852715879660335 -0.9216244154913587 0.0
-0.43438607484718084 -0.7596068775736622 0.0
-0.40771960495571014 -0.7625445620915119 0.0
-0.36403364121204795 -0.17147401097066006 1.0
-0.8717050073024313 0.3849442387400397 0.0
0.1332029084131503 -0.46922101812110917 1.0
0.04649610693339934 -0.8121189784831166 0.0
0.15189299111235854 0.8585923951524281 0.0
-0.3628620950973527 0.3348207599273634 1.0
-0.7364042751912157 0.4326544082371311 0.0
-0.4211878141055978 -0.6336172759857663 0.0
0.1730258696201663 -0.9597849076250129 0.0
0.6578800584347262 -0.9906090476149059 0.0
0.3556330735924602 -0.4599840536156703 1.0
0.47038804424518976 0.9243770902348765 0.0
-0.5024937129600839 0.1523146688356738 0.0
0.18408386254367803 0.14450381158174674 1.0
-0.5538367347187634 0.90549802303397 0.0
-0.10574924276474529 0.6928173449422557 0.0
0.3989585506350086 -0.4051260982897327 1.0
0.6275956394049544 -0.2069885183060307 0.0
0.7622063942223232 0.1625457452717174 0.0
0.7634707237097056 0.38506318015553176 0.0
0.45050855963928105 0.002648763853404512 1.0
0.9121672694464478 0.2879803984592748 0.0
-0.15228990288364064 0.2127864282558487 1.0
-0.961613603381333 -0.39685036665090134 0.0
0.3203470749853701 -0.41984478557911187 1.0
0.23603085799768309 -0.14246259810846773 1.0
-0.7290518715550995 -0.40343534808793846 0.0
0.13992982140252974 0.18174552249634646 1.0
0.1486504976991576 0.30640163971426726 1.0
0.30420654000337777 -0.1371631291320521 1.0
0.793093191702126 -0.26487625990420693 0.0
-0.12827014946874638 0.7838467100313442 0.0
0.6123879780921715 0.40777716708073264 0.0
-0.7995462253753978 0.8389652274893471 0.0
0.42848259909822284 0.997694013135733 0.0
-0.7011033906840125 0.7362521147364285 0.0
-0.6750141306472504 0.23111912856768835 0.0
-0.752360034301117 0.6960164586444688 0.0
0.6146379174500214 0.13820147722918663 0.0
-0.18563340554800067 -0.8616660090897239 0.0
0.3948575462891273 -0.09291463464386229 1.0
0.44411119894069584 0.7327646518572584 0.0
0.9510430100057716 0.711606684785222 0.0
-0.9765718316299961 -0.2800438710432722 0.0
0.45998112484811604 -0.656740645477119 0.0
0.042073212408258565 -0.8913240233214927 0.0
-0.6000069502071999 -0.9629564110787721 0.0
0.5873954067148413 -0.5521506238792397 0.0
-0.3092966386061946 0.8561625869311817 0.0
0.40882880384706555 -0.9363221409373843 0.0
-0.6706116870041745 0.24295680299952704 0.0
0.15445717720833518 -0.5242143572509828 0.0
0.8684279958495875 0.22793191193179196 0.0
0.07126560604991661 0.17981995270914197 1.0
0.46024405903353927 -0.3761100090407963 1.0
-0.20355787556781624 -0.5803125020497557 0.0
-0.6276139882393277 0.8887447799678672 0.0
0.4791015900985751 -0.019082382764865846 1.0
-0.5451707440533535 -0.4912870364592141 0.0
-0.8839416793522488 -0.13116674888375845 0.0
-0.37640823601179485 0.392686977630919 1.0
-0.2444963214150382 -0.6407926448807304 0.0
-0.9506425432173375 -0.8655007370735028 0.0
0.3587855469971346 -0.09260631088790938 1.0
0.0731584222174444 0.7933425860806842 0.0
0.9806778947934087 -0.5662060312030521 0.0
0.3261564062002016 -0.4733552465256987 1.0
-0.9586980010685426 0.5167573076722829 0.0
-0.3599656983550643 -0.23307221165620406 1.0
0.17663422710721144 0.6620969104723808 0.0
0.25796368718229745 0.7453013108947906 0.0
-0.45291593036872846 0.5960936678251274 0.0
-0.6287281113880956 0.9055833139438891 0.0
0.3749765527756306 -0.5689846457728831 0.0
0.8947411809778485 0.46171161354031565 0.0
-0.49211671480994834 -0.573376045265036 0.0
0.036401427861326496 -0.9486745638909369 0.0
-0.5850598491177812 -0.1506290624969875 0.0
-0.2516600393315489 -0.07284915127037861 1.0
-0.4447425874105362 0.17356869291633759 1.0
0.7277112118464628 -0.7649362880759338 0.0
0.03475821430822834 -0.7358637873096934 0.0
0.4337193623851874 -0.2078805943854125 1.0
0.13084262371701794 -0.6334403275718428 0.0
-0.7103044813132455 -0.02388743870209087 0.0
-0.28877452430008876 0.8808638905056261 0.0
0.5306505076139305 0.4973272397010946 0.0
0.8074394794918669 -0.8331551291159629 0.0
0.10438493984481312 0.16895213791153774 1.0
0.923872757094458 -0.4157049464149023 0.0
-0.5183424401691064 -0.7994121154690044 0.0
-0.9671407408170516 0.8590586335843811 0.0
0.3398330931818201 0.5703058240462755 0.0
-0.43653978849210184 0.17282033237265337 1.0
-0.8720894677580378 -0.028744808130754196 0.0
0.9549902794888936 0.7530104906331816 0.0
-0.32368209632630873 0.923140309082997 0.0
-0.536596747057591 0.8986376448313629 0.0
0.8827554094129972 0.5984051747047834 0.0
0.26089587373358225 0.748575933249894 0.0
-0.4139594309844066 0.6978871106258364 0.0
0.23575338383504763 -0.973526284482201 0.0
-0.30553296413556086 -0.7037182781036699 0.0
0.9636587796365064 -0.043259385920023874 0.0
-0.005217269002674607 0.2789450327974472 1.0
-0.26283078774076496 -0.7261994566288021 0.0
0.644235466388491 -0.6203041761944841 0.0
0.02263796509291205 -0.5513659420505215 0.0
-0.8043110310119319 0.7243830348433666 0.0
0.9458389780462606 0.9216693161260003 0.0
0.8131109984423579 0.5480946653972776 0.0
-0.33370969594271616 -0.8377972200240065 0.0
-0.18551765717238533 -0.5355317156581145 0.0
-0.735024730484034 -0.8931456364263495 0.0
0.45118872842115754 -0.9771450827499379 0.0
0.5411614970055525 -0.7061067091992499 0.0
-0.8409558348264885 -0.8207939315227892 0.0
0.3440956147078289 -0.5092655802943105 0.0
-0.1589210666398031 0.11473758264783385 1.0
0.7211023476575875 0.45408852542265654 0.0
-0.4593441895225707 -0.7370344014177448 0.0
-0.8892513591576041 -0.39680273103811503 0.0
-0.4757637015206435 -0.0877188663990407 1.0
0.3665626710953609 0.3912508912777144 1.0
-0.4329623068356667 -0.24014608819975902 1.0
-0.6376980765261939 0.5770910246130374 0.0
-0.8863038471335194 0.3939944834499747 0.0
0.5573907918822067 0.5548151236975063 0.0
-0.48115487130929013 -0.25237372413487713 1.0
0.17519927039277805 -0.45435619515106596 1.0
-0.25829440156422256 -0.6058914396287207 0.0
-0.08028823248798522 -0.9107753974917718 0.0
0.599591769141236 -0.8460871060267345 0.0
0.03767029766305208 -0.3863798009096078 1.0
0.15508589766275094 0.9188666816668503 0.0
0.2911404889120077 -0.9292751284890182 0.0
-0.13919512098387754 0.02003370463650045 1.0
0.07235498940690399 0.36278502120767575 1.0
-0.44480780453646784 -0.7422788690673596 0.0
-0.2146486469058113 0.9128114455918976 0.0
-0.6257382164983105 0.807967909856474 0.0
0.0876119001546527 -0.08617715670846837 1.0
0.7640828204597792 -0.08279207646282827 0.0
0.44833527322308653 -0.20194935659379598 1.0
0.8080887858019155 0.3800500403824547 0.0
0.3992441085010334 -0.3445591968857622 1.0
0.5135572854737784 0.2721221108942826 0.0
-0.5199594532405809 -0.6789223550294872 0.0
0.5927829490346634 0.918333206070445 0.0
-0.0837223454799143 0.18196833064736984 1.0
0.7154452883871092 -0.08555309329228589 0.0
0.9037489536654724 0.15150232408974484 0.0
0.6415342414026299 0.8176874368254767 0.0
0.6310476375371377 -0.6811710731020881 0.0
0.2577968781234008 -0.20313148276064585 1.0
-0.8745740959533086 -0.1519354962203161 0.0
-0.4826318662211846 0.6980766168570216 0.0
-0.9333907469066076 0.9179654437269471 0.0
-0.28926230305614076 -0.2865862191949142 1.0
-0.9673429946325842 -0.6295353495276321 0.0
-0.19748099839278255 0.8585828346054278 0.0
-0.8007701395574573 0.890603066958159 0.0
0.7389770610932644 -0.09167520618489644 0.0
-0.34659823646347987 -0.5345117414418863 0.0
0.2289294129537487 -0.9338508170489888 0.0
-0.9687878711063436 -0.14240855500352434 0.0
-0.8638518520505596 -0.4961180235078142 0.0
-0.5576781693078323 -0.49361761255429615 0.0
-0.7378895375694845 -0.9759275542046915 0.0
-0.7690314057225038 0.23696051902549575 0.0
0.9485124256361006 0.9806900031217878 0.0
-0.18189180925387682 -0.6740911479067893 0.0
0.2775235147330586 -0.019389306902525716 1.0
0.9788195545688629 -0.8693915856964396 0.0
0.5664688766276262 -0.42320300533701216 0.0
-0.517162759846852 0.3250091430653519 0.0
-0.5078736300180711 0.3317182351183754 0.0
0.03461703440457753 -0.1518220231283014 1.0
0.10937561732283796 -0.4258969601607405 1.0
0.41314941254595783 -0.17028626133287195 1.0
-0.2789088790282155 0.6573138291114755 0.0
0.8499338239063843 -0.9079853782254061 0.0
-0.534746014340469 -0.30296126101487353 0.0
0.6299329587404947 0.9709828552865951 0.0
0.9379434093407035 0.8098966910998537 0.0
-0.40688746987194024 0.9840224868289482 0.0
-0.5011599178870976 -0.7881876902355356 0.0
0.9019052221107882 -0.5331594890638074 0.0
0.37953653015550093 -0.8832872820388227 0.0
0.46141819825495234 0.7634404246676794 0.0
-0.455126209068075 -0.24188620784514292 1.0
-0.25140763335816785 0.49757651508026624 1.0
-0.5243855149219223 -0.656293801904714 0.0
-0.10141670262452385 -0.391063185245361 1.0
0.6783782445173048 -0.5245163479687225 0.0
0.004778914978522897 0.8851671993958607 0.0
0.2679953954893215 0.7345788109249296 0.0
0.8804193787095347 0.5015297237727039 0.0
0.3991501204495027 0.9359311332084541 0.0
0.9888015792953588 -0.09635663466048072 0.0
-0.8582604436315833 -0.4144119371189623 0.0
-0.6952905886245391 -0.1650272504079764 0.0
-0.7374213430534879 0.208235608041764 0.0
-0.2343838816842918 0.79077176857642 0.0
0.9355893435970037 0.09376980333884433 0.0
-0.4503528602648068 0.1844608375236736 1.0
0.7935223164488197 -0.18653330832850346 0.0
0.1041565533839417 -0.45669446478770825 1.0
-0.08911170109994604 -0.19657292924080272 1.0
-0.503173069834058 0.011732767650616704 0.0
-0.37923834804037715 -0.25393027223850506 1.0
0.049940884508528516 0.501190045857975 0.0
-0.33298506841744935 0.8483175332415271 0.0
0.7246370936718047 -0.9026194080489429 0.0
-0.49271495148635447 -0.10772897468159615 1.0
-0.7907442225150518 -0.30304802193300584 0.0
0.480195051235365 0.36102896228565173 1.0
0.2447688571320097 0.42105680544469126 1.0
-0.5901526260805965 -0.31660377027053577 0.0
0.35248496455492573 0.7584695260626542 0.0
0.0873561076561904 -0.43460069810892676 1.0
-0.9395294839880348 0.4206736579484267 0.0
-0.9842317929831192 -0.25464186035800895 0.0
0.0610744291255636 0.8442229235343861 0.0
-0.8210109099341998 -0.18811535606343255 0.0
-0.9513736005796845 -0.31477803131681936 0.0
0.2444621176795898 -0.44186410354280325 1.0
-0.5805001006887298 -0.7685935333458127 0.0
0.15428048804068362 0.39054001180937203 1.0
0.3439142811916447 0.8977220414410148 0.0
-0.9945935722129946 0.29439330778807205 0.0
0.20078447419527912 0.17747921994057636 1.0
0.9255406396804848 -0.9662566532599206 0.0
0.3929648614029002 0.6273572994037269 0.0
0.01961439324316827 -0.3320702608063817 1.0
0.5816803264548098 -0.8055141487351507 0.0
-0.11592872454014946 0.03990474914167641 1.0
0.38791282186909504 -0.8182285359351811 0.0
-0.5444809969242781 -0.17939687461974874 0.0
0.24658934604026128 0.773921562434835 0.0
0.23765233648275297 -0.7330770581301311 0.0
0.9611602655745648 0.7435714695109858 0.0
0.005441522290648093 0.844695963593266 0.0
0.08276158751427154 0.8466121357783263 0.0
0.6597947372066864 0.9365728205885946 0.0
0.8395656215563168 -0.927932365142861 0.0
-0.6504559916781201 -0.22173064579762847 0.0
0.9042853945908416 -0.39994216104814084 0.0
-0.6790647122247979 0.7726093321731198 0.0
-0.10721116903359418 0.8157511887086522 0.0
-0.6795390673597135 0.322235023016199 0.0
-0.11947249434101637 -0.8470264619394292 0.0
0.3929262893050012 -0.5052024889216926 0.0
-0.9207689548409645 -0.8801114035008535 0.0
-0.8778429258664253 0.8154659149700789 0.0
0.479767835658202 0.7961247144274701 0.0
0.3451646225930427 0.05787985806176632 1.0
-0.3911072713052435 0.9959245026573469 0.0
-0.2756218821212213 -0.05870210157218092 1.0
-0.24350965015307646 0.9590538586709172 0.0
-0.6506832292099884 -0.34402399818384066 0.0
0.3606973320300031 -0.8735847633227387 0.0
0.214498748023082 -0.04470699424716784 1.0
-0.4320000464757978 -0.523173438151884 0.0
0.029025486597513472 -0.26414483892591734 1.0
-0.0869602174746893 -0.32504523647152017 1.0
0.9409873871919552 -0.733121136508792 0.0
-0.8063920936432516 -0.3132165424181679 0.0
0.1820538017409825 0.3183529437000565 1.0
-0.2054865056639159 0.9985559878443422 0.0
-0.2962140076139148 0.4428133359199049 1.0
0.2751653890615857 0.6261077264949213 0.0
0.95245132690764 0.7795873128910804 0.0
0.5291239487154171 0.39649695563658116 0.0
-0.32900366064820075 -0.7046288435865853 0.0
-0.8747279938803805 -0.5161965915970304 0.0
-0.13543703763740278 0.04399254725996493 1.0
0.5461671081097432 0.917481846113186 0.0
-0.765359039230378 -0.7859917196124169 0.0
0.1793894460271015 0.4907961478945859 1.0
0.6963007606939697 0.8716641604335771 0.0
0.966852484521284 -0.20039661555094823 0.0
-0.23932963294485377 -0.7043826466054552 0.0
0.3698688773671188 0.31352391688167414 1.0
0.7241251917024145 -0.8054840104247187 0.0
-0.004446184349316429 0.16216385934412614 1.0
-0.5168859199201632 -0.6619491877416774 0.0
0.7191616728392429 -0.8829301555288824 0.0
-0.05875819216385425 -0.7683319973982294 0.0
-0.08588247733726528 0.9599246526846186 0.0
-0.1525872930890544 0.7142498350091346 0.0
-0.7653688716336122 -0.45749584647627173 0.0
-0.192414518665331 -0.20037571998133852 1.0
0.34276695734030627 -0.31056374524898467 1.0
0.4275337368200327 0.278373798450785 1.0
-0.20167770949045383 -0.13647974469136148 1.0
0.22905539962064148 -0.8599156197107107 0.0
0.6448134767113807 0.3068423222272738 0.0
0.45268492883567046 0.07384600216478088 1.0
-0.7790457780165105 -0.18992877340610015 0.0
-0.18925283430288786 -0.3579140199135662 1.0
-0.9400993501905013 0.47450848519295463 0.0
-0.7804310838749986 0.21261626609017026 0.0
0.4064349929344315 0.2695726458673895 1.0
0.91828450395595 -0.7934036898297228 0.0
0.7343343182103983 -0.9416195303021735 0.0
0.06983370985416792 -0.19151276412148244 1.0
0.04836772078751639 -0.2698002458799804 1.0
-0.6188661701198639 -0.9617542051026204 0.0
0.036299627582348615 0.6855537253696846 0.0
-0.2535680885104117 -0.5542723639700395 0.0
-0.8389359930563118 -0.8293781537625933 0.0
-0.5572071074144556 -0.7999718781568896 0.0
-0.4699206032710359 -0.8677010757660906 0.0
-0.8687902655801487 0.7125523592455638 0.0
-0.6757594785823335 0.11936481164689594 0.0
0.5469110888980611 -0.08718086932186675 0.0
-0.6932622442813086 -0.6008077157597713 0.0
-0.13403158743763854 0.05646817835707152 1.0
-0.30111941590293023 0.5629592004693227 0.0
0.5020432977127969 0.8544236147462358 0.0
-0.9420949019460789 0.7913825824204068 0.0
-0.21486242307569792 0.7567449907599881 0.0
0.3815695523130591 0.9746975141479364 0.0
0.5185649034333362 -0.2709107480064268 0.0
0.002126345669504204 -0.24722168961129753 1.0
-0.2701763279575238 -0.4781910012378805 1.0
-0.008059409253060812 0.3634798901387224 1.0
-0.44531945738951295 0.04875962215443996 1.0
-0.7652394116588856 -0.6803094262916174 0.0
-0.9063872905756225 0.9414628855412657 0.0
-0.9922792969794778 -0.6428400638846874 0.0
0.2257335062339847 -0.8372608022933894 0.0
0.7637930061936646 0.43924031568457633 0.0
0.9327799428757868 0.015271094481529746 0.0
-0.3991926336830256 0.09900114559054285 1.0
0.8616374345959463 0.04152287448372105 0.0
-0.4655859362753627 0.7547975783482392 0.0
-0.25616250297507737 -0.9972333000020017 0.0
-0.5046299550153681 -0.3635329816458752 0.0
0.7175549364638043 -0.08299366586710999 0.0
-0.11082542437739851 -0.32779546720022523 1.0
0.7613562460941592 0.8900535538807828 0.0
0.9837806583092588 -0.2465174660780265 0.0
0.9322948912543427 0.5837591392618027 0.0
0.3513782952885336 -0.5102210411598012 0.0
-0.5670854781115804 -0.6679043509575087 0.0
0.8455132204507307 -0.4118466752336678 0.0
-0.09381150910224312 -0.012084332025553035 1.0
0.5563431909005083 0.6884699231060483 0.0
-0.7218545977027744 -0.1461912795778526 0.0
0.6857097756709143 0.6360666115116769 0.0
-0.7951724830951672 -0.687233302264074 0.0
-0.39160261680118436 -0.8492818618333193 0.0
-0.15067399431881423 -0.7847645897008362 0.0
0.13643518733969007 -0.5068861203776878 0.0
0.1928661306992454 -0.7649487141927247 0.0
0.9517677368370667 0.8651224077146809 0.0
-0.2164061228706684 -0.5156428117478291 0.0
-0.49920357429285445 -0.033212929595215934 1.0
-0.9200143961985661 0.27941021215025397 0.0
-0.18339418332051038 -0.24518685482222535 1.0
0.6187299429783968 0.41807092036658 0.0
0.908667630785384 -0.29612751900861856 0.0
0.795085529298811 0.5399343725001777 0.0
-0.2851506968105739 0.24333087290651556 1.0
-0.42286008469660885 0.7487998341496847 0.0
-0.7751453655753775 -0.5751312774119179 0.0
-0.6339334158401577 -0.1939479951914227 0.0
0.49046592006425827 0.05381489810436069 1.0
-0.024647352923584886 -0.9989080702060087 0.0
-0.14919654928989057 -0.8728924503276831 0.0
-0.5834934957570324 0.8647878779209888 0.0
-0.5692035913135236 0.716675277268525 0.0
0.6057867431226684 -0.6817075261155143 0.0
0.21142391454055764 -0.7686762561899734 0.0
0.45577631673902297 0.27492455474441324 1.0
0.6238771233820386 -0.04123090122162387 0.0
0.8297261756667658 -0.9013021064231206 0.0
-0.4142228699459707 0.43010519493033406 1.0
-0.16378157650399827 -0.6540972914576872 0.0
-0.7855785091429079 0.6346782229232428 0.0
-0.053714043068711526 0.7645673438382148 0.0
0.4665782686334521 -0.18054758873851284 1.0
-0.2529779716886327 0.03127669330250349 1.0
0.7781199063794573 0.47455715942833576 0.0
-0.9896940714619535 0.3883157027382511 0.0
0.8390148138116413 0.42091151900898316 0.0
-0.6459884368650082 -0.0329637451450826 0.0
-0.7193679641531612 -0.28200944332073585 0.0
0.8742340838810354 0.8466106151174166 0.0
-0.4343262956478342 -0.3207379116676017 1.0
0.20042573626258786 0.92639459052076 0.0
-0.7043973318692192 -0.4861667126266618 0.0
0.7471136545815429 -0.016215536583310985 0.0
0.7979221844540634 -0.6289642049536475 0.0
0.0653371749427214 -0.34746073470125527 1.0
-0.3669148802150479 -0.10624607210760173 1.0
-0.13384510179746312 -0.28530624064409116 1.0
0.8299415406312372 0.46348837086578554 0.0
0.45509398266305934 -0.42017310081608916 1.0
0.15541884863368072 0.5583588666036681 0.0
0.5911807370864262 -0.3109390784913755 0.0
0.5417455131372957 0.47178779361546597 0.0
-0.7169870287561995 0.7318909371329545 0.0
-0.11735705963917842 -0.02717910222266906 1.0
-0.10326164220400535 0.13569200295501505 1.0
0.2423384947341094 -0.003640868474113157 1.0
0.7335770865181912 0.2554695123905688 0.0
-0.1971441013889601 -0.16661648618257807 1.0
0.6216772302579028 -0.3036161145069598 0.0
-0.5770904084351729 -0.8812336239884215 0.0
0.7520536958411483 0.8370929023806999 0.0
-0.759759635673048 -0.3310525170077703 0.0
-0.6492558609695123 -0.7682030623482405 0.0
0.7997334860000604 -0.8862454817092891 0.0
0.9609713269380136 -0.8070982786052316 0.0
0.7269412983871715 0.1330122139783254 0.0
-0.26416502436425326 -0.31531524674968425 1.0
0.5147282864754175 -0.3708534099914256 0.0
0.3146378332342836 0.03465216703216023 1.0
-0.030068709683858996 0.8023243412983232 0.0
0.10929011724051918 0.6537232060973899 0.0
0.4511470682029788 -0.9228855078820033 0.0
0.5462201050108384 -0.5662594998179187 0.0
0.806299293703143 -0.914151618782336 0.0
-0.33385593105136246 -0.800534105530492 0.0
-0.0488217658303125 0.6400448717395035 0.0
-0.4036252806738718 -0.6981302053779168 0.0
-0.3394659286062016 0.6277602838412719 0.0
-0.7192320844013063 -0.5452751018449964 0.0
-0.8622960710132521 0.41142008797921537 0.0
-0.20953351292732636 -0.37832004571336797 1.0
0.4372527806823039 -0.32804491531948954 1.0
0.45554254642883607 0.630398790628627 0.0
-0.5646743130845231 0.9476373936919666 0.0
-0.6752841041746664 -0.4183181866865149 0.0
-0.6404094183329168 -0.3089886872873311 0.0
-0.039878224358488756 0.044351738004238195 1.0
0.707212084592544 0.7788958176317331 0.0
-0.5597922784381872 0.2457880643715049 0.0
-0.7770078854025688 -0.08206027963586338 0.0
-0.35533292390676374 -0.3669985090927872 1.0
-0.03483151657579797 0.4596552710585351 1.0
-0.861634682415221 0.7583466753748089 0.0
0.46962754926112216 -0.6470012222218797 0.0
0.8783218181747408 0.012624448046777204 0.0
0.9996171562339307 -0.6054810513985247 0.0
0.06981639676640272 -0.41950391488014316 1.0
-0.3916528852215069 0.18213076166798037 1.0
0.8434381337416665 0.61052771115835 0.0
0.44788279700265177 0.11834756420340442 1.0
0.8445970073348954 -0.015277186618231742 0.0
0.7476643566694363 0.6679632877532635 0.0
-0.5723293063968269 0.5424509259318204 0.0
-0.9756576861134825 -0.35434092490382496 0.0
-0.5408651106161004 0.013725916974626884 0.0
0.47370632336157104 -0.8046472651045518 0.0
0.029844403873536818 0.8768240433887713 0.0
-0.542706898034109 0.35428228822284824 0.0
0.18576054156231514 -0.9798726086878133 0.0
-0.04834760828555451 0.4175407818820973 1.0
-0.9120491359518188 0.7590429660474602 0.0
0.04016283327134618 -0.9386779033485642 0.0
-0.5511727761583196 0.907351392854626 0.0
0.16463946610411062 -0.7850548644623909 0.0
-0.424910995438877 -0.08659274827903163 1.0
-0.9580998614645391 -0.17676897277248238 0.0
-0.021082729130603717 -0.5126442494375356 0.0
0.17727800058397314 0.5064802391843537 0.0
-0.528331551788729 0.24099980055997539 0.0
0.2792444859274832 0.897080602257682 0.0
0.5565523345928876 0.696690539580012 0.0
-0.019160183127449715 -0.6293028260412343 0.0
0.99163058591927 -0.7412884779226008 0.0
-0.05708536129146924 -0.8638138015157868 0.0
0.887701714701639 0.9298498816968792 0.0
0.43877812400794713 -0.30001431273966217 1.0
-0.49123519776475133 -0.4693933509259052 1.0
-0.7454119491598505 0.05161790615344586 0.0
-0.716365448597045 -0.36653866689308745 0.0
0.2534129519182098 0.45508721918149964 1.0
-0.9514545907558776 -0.13976803124652015 0.0
0.30424918968427805 0.7064919523170257 0.0
-0.04935043557583518 0.9384117434353705 0.0
-0.46873490491710545 -0.9729825867465622 0.0
-0.03249427059652765 -0.48777240995996407 1.0
0.6474353440463387 -0.5344546556377758 0.0
-0.3787415634173874 0.5824548620382246 0.0
0.43028650405072 0.11610247331452506 1.0
0.409896123845519 -0.162726272859947 1.0
-0.9893799047706644 -0.9772897429756149 0.0
0.022443575147373274 -0.8334180405620015 0.0
-0.8978490396614864 0.9310332782749466 0.0
0.7180052793161171 -0.695945545580861 0.0
-0.998671562819591 0.8833355907795128 0.0
-0.44334940335977135 -0.628204794289005 0.0
0.38301621566307054 -0.7821925223173476 0.0
-0.4707008039943994 0.950189360424093 0.0
0.27892554894802046 0.04135558296510711 1.0
-0.20416277033012453 0.549001909768404 0.0
-0.7180850469526125 0.9346756040739643 0.0
0.7222460161315734 0.23531396513848657 0.0
-0.9141876191948837 0.4017112988954754 0.0
0.8265686817709617 0.04915413495725196 0.0
-0.29155035634547444 -0.7594453100410608 0.0
0.5098022082751366 0.7700437024236124 0.0
-0.7994965118483028 0.5179691095046839 0.0
-0.965879027481805 0.9341098361544391 0.0
0.23011604127019236 0.1048781179832663 1.0
-0.4081003328221444 0.8585833431395669 0.0
-0.46818874532641797 0.6562932264333898 0.0
0.970217358674264 0.5667932910296116 0.0
0.03797984077286354 -0.8678514722966562 0.0
-0.055172421657853965 -0.12348810605659288 1.0
-0.5944079176260095 -0.15282472657139112 0.0
-0.2844842318393226 -0.6726314776967031 0.0
-0.11725171333502771 -0.4744000873510219 1.0
0.044124841364528766 -0.9296798805676116 0.0
0.8124628395745683 0.6327286110397121 0.0
0.10516266502100913 0.7036171655144863 0.0
0.9247901476216009 -0.7789554118946789 0.0
0.2616636168196076 0.9959880018713172 0.0
0.9757783386670522 0.2066459845814892 0.0
-0.7439582590983667 0.16638566198105642 0.0
-0.9958707288511566 -0.6021773306662808 0.0
0.9122463191199199 -0.33911885479431225 0.0
0.2767802115538971 -0.4382810107355146 1.0
0.8956437742231791 0.45711745989897357 0.0
-0.3406976848371748 0.5835228423607417 0.0
-0.7836689510473247 -0.21536211986908116 0.0
-0.5575637445368153 0.3674528945520925 0.0
-0.7951074364561392 -0.20594833543465185 0.0
-0.4467005395816208 0.012685838647608305 1.0
-0.30020463899224215 0.41282115533402197 1.0
-0.9508459513860679 0.267973842611815 0.0
-0.53885742061236 -0.46258194248630136 0.0
0.6005112071670471 0.9111367879608416 0.0
-0.3668995799458268 0.6536105407381514 0.0
-0.7920183240575338 0.26796330601476637 0.0
0.5020645990698376 -0.6880441439310869 0.0
-0.1479952246608789 0.7854143284979631 0.0
-0.7928430731032556 -0.9638072835970497 0.0
0.18117075809586747 -0.12893691893813308 1.0
0.5973784977678054 0.8469110764082133 0.0
-0.4016927109123678 -0.22319176566178944 1.0
-0.02745582734137031 0.17630292087059862 1.0
0.9677076593632334 0.394660501660103 0.0
-0.22090298530886243 -0.4724646270990758 1.0
0.8892514368442481 -0.7289031337829872 0.0
0.4405317050095161 0.8507900505848813 0.0
0.32933117306887727 -0.1538911196677577 1.0
-0.602018120149032 -0.2650493554961455 0.0
0.41374361884024413 0.29906844835059365 1.0
0.8559523331967158 0.7337218273187498 0.0
0.6323015045327367 0.8229017507015246 0.0
-0.4473256945259012 -0.260952919720701 1.0
-0.2402121924279652 0.12090117741956052 1.0
0.336436459085542 -0.42656663391921135 1.0
-0.9610750653813993 -0.2015552326841814 0.0
-0.382944080891199 0.8843694380360958 0.0
0.7765300810880871 0.7206213566868391 0.0
0.30599952189048607 -0.3114216706021222 1.0
0.09769853479860946 0.6304500814327454 0.0
-0.8027792625543779 0.6021497605106094 0.0
-0.9176404173437567 0.6328420624287114 0.0
0.615127608319747 -0.8979853823424884 0.0
0.2543214229237165 0.004906148625794415 1.0
-0.6603609936565706 -0.7032421246452487 0.0
0.5465182521340464 0.13538549767368813 0.0
0.9659982698330649 0.9644955545766882 0.0
0.9853339869285327 -0.7627689632684682 0.0
0.8765122739279245 -0.5108607819588744 0.0
-0.08357548048277597 0.5148131116434518 0.0
-0.592758135845536 0.13262321110865982 0.0
-0.6283665035480086 -0.7905277866374134 0.0
-0.7668827751408029 -0.2847219303035624 0.0
-0.990690326325633 -0.15029215759662096 0.0
0.3283942101622981 -0.19662362999202254 1.0
-0.8284107989603298 -0.8746222759527189 0.0
-0.4437669744702766 -0.6613746189127985 0.0
0.9301899464359389 -0.69753955005183 0.0
0.6109248748099931 0.17221588348228956 0.0
0.13857383996858874 0.024161431847569137 1.0
0.9435261522279021 -0.27231044981672436 0.0
0.5758315019077525 0.11058821493391924 0.0
-0.20873266474854768 0.9109318666115618 0.0
0.19663193872937423 -0.7621661157079729 0.0
-0.1649215980062868 0.5631634553632152 0.0
0.38749404647842756 0.8326806596731484 0.0
-0.48124523171695954 0.5163874327076476 0.0
-0.08024958521095815 0.14721949393363087 1.0
0.910093362012566 0.9585726399783547 0.0
0.7231819278511271 -0.2818058245394075 0.0
0.7754016714546397 0.277218355282826 0.0
-0.1400064390585738 -0.9285146349990325 0.0
0.5402562483831643 0.004211161448226086 0.0
0.5723769989301215 0.49604559868653975 0.0
0.5871347360967039 -0.3986976826064663 0.0
0.6015971981352619 0.09769265693233464 0.0
-0.053347599101713605 0.35025182764151386 1.0
-0.9572826341233034 -0.7953663682248115 0.0
-0.41564526966495596 0.9659802199156793 0.0
-0.72050844227009 -0.33880739848157937 0.0
-0.8978938706161528 -0.33746223941454745 0.0
-0.35934742697833677 0.8936143418890443 0.0
0.6903081739914407 -0.23447156151445703 0.0
-0.9504618839215027 0.6620622279907564 0.0
0.3210723542890803 -0.6952710326973806 0.0
0.9921425420203744 -0.7995331251517539 0.0
0.7342290831873257 -0.41146767174062204 0.0
-0.12929306734968593 0.5909130535526292 0.0
0.35501671198802054 0.8757287488880783 0.0
0.24228065092076645 -0.8043796770418945 0.0
0.7687207264839007 0.5383110499771822 0.0
0.42374090178664403 -0.8925329052925293 0.0
-0.20755451067651198 -0.6651283610809215 0.0
0.643807816815738 0.40105724563572553 0.0
0.7661551946382705 0.9331502138483279 0.0
0.5494952283849972 0.9884661664415242 0.0
0.22953977228859768 -0.9257407922171044 0.0
-0.9714969696994082 -0.3157922495924226 0.0
0.6469434381350743 0.732269412649462 0.0
0.9216250576453557 -0.8697570629023632 0.0
-0.9108577780246718 0.8265671927340674 0.0
-0.38990660327427684 0.1159748012192654 1.0
0.9648897660014197 -0.1991029305281533 0.0
0.33174279661967976 -0.19824087273602942 1.0
0.5363893289255595 0.05542945114573161 0.0
-0.5249537240273006 -0.45738779748306757 0.0
-0.4838815749231855 0.06464065651712159 1.0
0.4063780320313286 0.8985598000862842 0.0
0.3881747501659598 0.5623856879247813 0.0
-0.6621477682708687 -0.25187474998534864 0.0
-0.17243956028346785 0.372760460000946 1.0
-0.4082160472462528 -0.3934161571606678 1.0
-0.28822169071826376 0.6206041630864645 0.0
0.15518018008669743 -0.8494454403345311 0.0
-0.8435078006190624 -0.2574261114350014 0.0
0.5331821012123166 0.37736685295736105 0.0
0.4159647093023733 0.5344201321081938 0.0
-0.42569457422734125 0.09651256388417595 1.0
0.0867052806335391 0.47926500235989855 1.0
0.9137411382112928 -0.4440201104090682 0.0
0.5865633455140964 0.31994109704652485 0.0
0.16047574172692025 0.5497595586948039 0.0
0.8880649328561987 -0.926617164261174 0.0
-0.7051997949735587 0.5125744630022315 0.0
-0.8324172941798309 0.03224740148218608 0.0
-0.5602784467167861 -0.45140859231449704 0.0
0.4036809658888325 -0.9396144534625768 0.0
0.7466388558038073 -0.11104208929546 0.0
0.004786587814202159 0.0800959273873838 1.0
0.29108858915898783 -0.3102868267545038 1.0
-0.7977850188730173 -0.3632421266676469 0.0
-0.6637157639543594 0.11226635890094783 0.0
-0.36394273807922706 0.9161343559868698 0.0
0.9314685559605613 0.24025176113648294 0.0
0.23499453533457193 0.9707571291342119 0.0
0.774566302470372 0.53013989831628 0.0
-0.3728187765145976 -0.26892194376384726 1.0
-0.5974664684782691 -0.02570374616525073 0.0
0.9807370442791592 0.8243019060231775 0.0
-0.7633011319610619 -0.9496194214189877 0.0
0.7972753368165324 0.07434025589741489 0.0
-0.5996202235830876 0.3473065391692707 0.0
0.28844635585963996 -0.7558287863270656 0.0
-0.48079953300476097 -0.8798440713734841 0.0
-0.5802790522597161 -0.7353886502938742 0.0
-0.6135274150508878 0.37093429182623394 0.0
-0.9010005114778645 -0.796290769503567 0.0
-0.7316527238434247 -0.36691775808373195 0.0
-0.40249937829611815 -0.48987242936672115 1.0
0.5010733068648325 0.9960455755162012 0.0
0.06795584725759163 0.8884054358278841 0.0
-0.20677977574787065 -0.7866351063945731 0.0
-0.18245234106032537 -0.40774445317061336 1.0
-0.01318607542164374 0.31408735383284636 1.0
-0.07789956169518364 0.8703210241556512 0.0
0.7695296445987598 0.40395519033239435 0.0
-0.02063017527090172 -0.7366254363710862 0.0
-0.20597266644473322 0.40880307880234734 1.0
-0.43022895889253765 -0.7920238449131591 0.0
0.8157969150212563 0.41810161963108916 0.0
0.23055285327019437 0.5849978112178331 0.0
0.6712920751669513 -0.03308200365795333 0.0
0.76237650281888 0.8328380214022109 0.0
-0.4568978091504372 0.21509071958158854 1.0
0.05316805764093835 0.0758915583038049 1.0
0.8753261879291241 -0.389622594613942 0.0
0.9668679564691525 0.8042624296084642 0.0
-0.08255422277299473 0.6349065272363323 0.0
0.5380939886402811 0.3557899392370425 0.0
-0.36033222123369146 -0.6070980163580921 0.0
0.3430553935315164 0.6859465928021684 0.0
-0.9674944226452606 0.2856067506170241 0.0
-0.1142539507555751 0.7961755102539672 0.0
-0.3570541382915895 -0.05163037547275651 1.0
0.02953420807037266 -0.719120957257894 0.0
0.4257846053978127 0.6609526902419192 0.0
-0.8841814462074795 -0.4172223589261945 0.0
-0.9239106369298842 0.9130882093764847 0.0
0.3343376414076471 0.928400838909563 0.0
0.0629885566626156 0.6041370477912278 0.0
-0.25117203224052 -0.2923619348547182 1.0
-0.24346436578973463 0.3157242674528564 1.0
-0.2810936979566956 0.8007349032084512 0.0
0.9665497301003105 -0.9391469693259882 0.0
-0.612753419195007 -0.775500014825228 0.0
-0.9152719058171135 -0.544518013305427 0.0
-0.1064133592618377 0.6739807305773675 0.0
-0.5563519389800078 -0.012109488675597468 0.0
0.8592374788935089 0.3344294135733499 0.0
0.596158039511995 0.10198794037097247 0.0
0.96093291768126 0.1773243093629484 0.0
-0.9089785720748169 -0.6040344001204103 0.0
-0.19045274208570406 0.20255434514755266 1.0
0.5438617348179198 -0.17382774819222746 0.0
0.42011661003137735 0.5797390062182499 0.0
-0.36547960550003444 0.9585404800716371 0.0
0.29931299047167115 0.7619961215722624 0.0
0.11187537761721345 0.4832062143046474 1.0
0.5410881232327307 0.816496758469158 0.0
-0.6993004862572594 0.11656684833849695 0.0
-0.14324297378828743 0.8463180423474805 0.0
-0.7898106115020016 0.9651477773618256 0.0
0.7509026481865926 -0.8523474368715029 0.0
-0.018067228919051104 0.4351190004250518 1.0
0.4763030913821129 0.8129882504758417 0.0
0.5997308711646219 -0.37813923931182103 0.0
-0.003130428275095243 0.4035715258717081 1.0
-0.7231263172712972 -0.6120184047996053 0.0
-0.037915103780254755 -0.4035084025889746 1.0
0.7251184995681899 0.1725546430412359 0.0
-0.30266960456326464 0.6976660512088202 0.0
0.6097568971084777 0.996709754198539 0.0
0.6946153766674696 -0.17108693038864065 0.0
-0.7450022364600231 0.6812818164009558 0.0
-0.880484164079212 -0.29945758531029165 0.0
0.8394759615425476 0.9215329468902014 0.0
0.28112918704243683 0.3772966339674271 1.0
-0.915091022548955 0.028960682179095754 0.0
0.0937363576126824 -0.31979850775177776 1.0
-0.8628063304922313 -0.542184800551212 0.0
-0.2840321262776073 -0.12971602696734075 1.0
0.18185345106713835 0.44478303739647274 1.0
-0.3647362534521077 -0.34209248016203375 1.0
-0.9606167145525926 -0.9182502798119634 0.0
-0.4843566113829272 0.4804899953499133 1.0
0.2566276607478244 0.5395780413556694 0.0
0.5378388724296435 0.7131349353386025 0.0
0.4406385319737671 0.9580218380016456 0.0
0.7976504386036347 0.17343433244646844 0.0
0.17631534098234347 -0.931465919295541 0.0
0.9970531554167086 -0.7368480052677164 0.0
0.48069439326318397 0.6420303902486177 0.0
-0.25389094138959356 -0.6062958906693725 0.0
-0.8024802264188899 0.49721201165915563 0.0
-0.09469294158860864 0.4274355180022713 1.0
0.8308152977036012 -0.7068325276978866 0.0
0.8383420014475993 -0.17674708098312664 0.0
-0.3894659802054219 0.8861245212055582 0.0
0.9813033852127988 -0.6022155644651037 0.0
0.3136766939039666 -0.7870093724578793 0.0
0.3018280077150115 0.6546264555516994 0.0
0.3689970930481352 -0.1653337158748085 1.0
-0.2338672808724609 -0.21375516955316587 1.0
0.17942363598584632 0.7631345401449912 0.0
0.8581323145375357 -0.8929407595853638 0.0
-0.6367552107086234 -0.775551368343423 0.0
-0.613330718466172 -0.30678437878165643 0.0
0.013063365245247649 0.2589224540183044 1.0
0.4642844382794029 0.7802230827716141 0.0
0.9781768744595816 0.32571295711423964 0.0
0.6907290373355259 0.5560776938493979 0.0
-0.38493592156257606 0.751384540469846 0.0
-0.9144737241044023 -0.9992653124970843 0.0
-0.4525347412230716 -0.07580494074510025 1.0
0.27672579000135467 -0.7964594669109104 0.0
0.34602026766967997 0.6036317341193891 0.0
-0.6293741608412664 -0.1697494903364123 0.0
0.039969979906619546 -0.0963859638310387 1.0
0.5996598617769413 0.9210447962386616 0.0
0.5979063280163599 -0.8440143642483509 0.0
0.6098711443182543 -0.8668073355288977 0.0
-0.52805922951686 -0.6938062063285544 0.0
-0.6049617863078292 0.05663025411470124 0.0
0.3433797152217073 -0.05935743532791804 1.0
0.9193912780584872 -0.5194153599396667 0.0
0.5262804605095859 0.740364357014297 0.0
0.12413222150943826 -0.08755499607689377 1.0
0.1923688935584873 -0.14238045967931412 1.0
0.11038776464673883 -0.16613209574239685 1.0
-0.19906057941173194 0.39069293627905965 1.0
-0.8142975738640641 -0.6669158545423584 0.0
0.7023969434300079 0.542154693630376 0.0
-0.43709254541121245 -0.24546213466847955 1.0
0.852053013256961 0.6361544503477226 0.0
0.22869259995926172 -0.5570196423940845 0.0
-0.9114960573694608 -0.13748430631620367 0.0
0.34525427851492374 0.6569609810357031 0.0
0.7053780114845387 -0.9344481974132732 0.0
-0.5116859323262413 -0.32181082304519393 0.0
-0.6225355780812283 0.6059507567276756 0.0
0.534931526169885 0.03366608076194155 0.0
0.9658529559917111 -0.7118829178183155 0.0
0.7993034066553377 -0.7670734916761677 0.0
-0.6736365889717586 0.39243840050123757 0.0
-0.7808606159166214 0.13169019083742173 0.0
-0.1595329270546928 0.4569479310820297 1.0
0.8013504776177303 0.5397430293381107 0.0
0.6993797528423766 -0.9341091029375352 0.0
-0.37960900351159377 0.03086617337266473 1.0
-0.16809337074044106 -0.5374900940406231 0.0
-0.3842518040799534 0.8908619407832115 0.0
-0.4116382402572969 -0.29219177964042853 1.0
-0.9925804524999626 0.690155254555749 0.0
-0.6903185931968467 -0.5917114489725479 0.0
-0.48947096581594884 0.7692441136896853 0.0
-0.5870971775073706 0.5950527217358799 0.0
0.6160986806458091 0.8540411375727917 0.0
-0.7688773727993721 -0.5654420553243373 0.0
0.48579658416144267 -0.6079984914385219 0.0
-0.42734090625310195 -0.6665168397772747 0.0
-0.6546066276899014 -0.0368932907435886 0.0
-0.7806338757740829 -0.35660476307275557 0.0
-0.146812180802242 -0.9509037669520448 0.0
-0.2233336670510948 -0.8117551278289661 0.0
-0.012842937707646662 0.6514763771141927 0.0
0.6368443243635744 -0.839102968925199 0.0
0.20245551534904038 0.6691727639424729 0.0
-0.5240549141307294 0.5238530228991982 0.0
0.7815286929001866 0.6122483028808883 0.0
-0.785397936968991 -0.9818800009552302 0.0
-0.6165517801563087 -0.45904531810675353 0.0
0.23236598123191898 -0.23145364951536318 1.0
0.40681406132294695 -0.29385007895678283 1.0
-0.6911491506907994 -0.37462031302792975 0.0
0.76864845277827 0.9170646884901297 0.0
-0.584974531865263 0.5769367740488827 0.0
-0.45330252692025863 0.7742630868628151 0.0
-0.6689087744074891 0.3319198373881138 0.0
-0.831577470573635 0.947786647947739 0.0
0.40126668928108566 0.6836314788101705 0.0
0.13333867872606908 -0.04639727214227962 1.0
0.24376478278873015 0.057483023398896105 1.0
-0.06123128970969405 0.5189005029152856 0.0
-0.6435980901214637 -0.657655903689683 0.0
-0.13631469870058766 -0.358504167910108 1.0
-0.8517509641739518 0.6889409848374688 0.0
0.5432056133886995 0.08784299960596953 0.0
0.9586490745287379 -0.8547998669047894 0.0
0.53333860205575 -0.4672592167818064 0.0
-0.2628021601128492 -0.5614412295938649 0.0
0.5780757829237304 -0.711519795956868 0.0
0.680033395470556 0.3231552964596678 0.0
-0.8819535094617705 0.6219634632003068 0.0
0.25551143232595885 0.809964639156683 0.0
0.4974446128172765 0.12224185485954964 1.0
0.6730943612383955 -0.4438995233975558 0.0
0.09390012368912726 -0.4127663603931797 1.0
0.9364087821810174 -0.5476073983159873 0.0
-0.968523520659075 -0.34829031599240756 0.0
0.005018793939609356 -0.9432741315398498 0.0
0.1184966000678147 0.7485655499024604 0.0
0.40946438883334024 0.24593664595660858 1.0
0.9119235014165026 0.9165586676842117 0.0
0.6485329394064572 0.21548369477170204 0.0
-0.02447088100458661 -0.9733677735070654 0.0
0.21252381245308283 0.9781761507137074 0.0
0.636202100048058 -0.31879071223129607 0.0
-0.695905949911156 0.5681172289343082 0.0
0.48787564126348304 0.9340935839586462 0.0
0.7496847238786777 0.11132525054481479 0.0
-0.7974315060705157 -0.032998683232079884 0.0
-0.372609891955366 0.02481696404967959 1.0
-0.3965968507206936 0.7236459839511915 0.0
0.6886540279656443 -0.36906968566588816 0.0
0.19916269274798992 -0.13963828472189177 1.0
0.8181855140571264 -0.6252781971473544 0.0
0.39545680356991864 0.9407506556744332 0.0
-0.6494489608738196 -0.5960671431515936 0.0
0.3874466773444558 0.5583078490498279 0.0
-0.018901890412134525 0.21937293029424265 1.0
-0.5746351823763425 -0.046771542865347904 0.0
-0.7758562382501697 -0.3571561494486706 0.0
-0.4304405899380914 -0.11074927979515992 1.0
0.8602527244873939 -0.6374646757043152 0.0
-0.197223506750559 0.23119443821928942 1.0
0.8931141721480034 -0.7337036169284636 0.0
0.835753233986227 -0.8378924227318769 0.0
-0.038517205679471145 -0.09082026553903444 1.0
-0.5807945422456089 -0.305080663768305 0.0
-0.0916694633032038 0.7304229258212585 0.0
0.9101282907471195 0.03785135727433042 0.0
0.7401995805888437 0.21634317135355885 0.0
-0.3018253160246491 -0.6116115847730619 0.0
-0.17373045643447038 0.0456485658476955 1.0
-0.9111132234808876 -0.7083176682582986 0.0
0.20036884796288001 -0.5499968106456758 0.0
0.6746527521625949 -0.34611550045161876 0.0
-0.7903315854934982 -0.8329388228893659 0.0
0.8742460410635593 -0.7639593775162417 0.0
-0.71818047167588 0.7253321158655059 0.0
-0.49142373944531204 0.3319028215088322 1.0
0.6334513740597827 0.21436128026038426 0.0
0.9149770868956988 0.4177657985216827 0.0
-0.7744969801926833 0.1168200530917598 0.0
0.43637305217836775 0.6039144807468904 0.0
-0.9473573294318169 0.4377578305428489 0.0
0.651361642038899 0.493667621870713 0.0
0.024698291311196163 -0.08395807382239417 1.0
0.09883716659963171 0.4092873976532041 1.0
0.8458285812649708 0.23407042128224997 0.0
0.7756686125669392 0.4025136948914547 0.0
-0.8633272451223049 0.0016563800032436404 0.0
-0.42702730336951533 -0.42965014373485544 1.0
-0.28814489756803163 -0.37053445599904844 1.0
0.15721996023420037 0.3672030007071141 1.0
-0.4625012258465291 -0.7404747548632373 0.0
-0.8823825581310758 0.15150569006110448 0.0
-0.6277396673339952 -0.9815040115526013 0.0
0.8555061586474082 0.07428083816648123 0.0
-0.8151036395060545 0.6858422242549707 0.0
0.9664054765802361 -0.1027986759645656 0.0
-0.9150207835236837 -0.764908118487873 0.0
-0.23669250670913566 0.7710452748977541 0.0
-0.7039226414444759 0.647980188005391 0.0
-0.9700474795619611 -0.08522260242837798 0.0
0.2887942819011362 -0.8792410359488072 0.0
0.22952550123297333 0.8888082429391122 0.0
-0.6794801597268099 0.45922276607070556 0.0
0.2181877958870868 -0.6297672222415389 0.0
-0.9875931705812679 -0.9814310989881458 0.0
0.0641848183440572 0.8855588191223871 0.0
0.2885972549312248 0.4285996925874873 1.0
-0.012269026158925778 0.1637778852691396 1.0
-0.7472649493387931 0.7536412408012616 0.0
0.5215852573336037 0.9963979056892192 0.0
-0.4045541048887573 -0.5459644564078843 0.0
-0.7496766840773141 0.9284195132320896 0.0
0.5617703692560472 -0.6673507725607226 0.0
0.10537294221642779 -0.17246358386544647 1.0
-0.6970279843876144 -0.675854029940069 0.0
0.9269399894903714 -0.3900716340845556 0.0
0.8828785833678865 -0.8487786538698312 0.0
-0.07839391541361884 -0.7407619029664798 0.0
-0.9904252295176557 0.10753214741215311 0.0
-0.7722117903772732 0.4440490618673594 0.0
0.3962327514137991 -0.6473341850710217 0.0
0.8834842865310333 0.4420868168649792 0.0
-0.4040594716861401 0.41846752790158126 1.0
0.4638605553630719 -0.31554733749807884 1.0
-0.24882287507708156 -0.2817869846933998 1.0
0.23323688710414814 0.8008202930803587 0.0
-0.6536135275428248 0.7503992196726368 0.0
-0.944693686989315 0.32067719195644484 0.0
-0.17112225362061162 0.5825631044649875 0.0
0.44239622586180594 -0.03978438570963205 1.0
0.28772807344519347 0.003546261399890449 1.0
